<header threshold="8" sigmaTotalPrecision="50" /> 

<excitationChannel maskA="2" maskB="4" left="2.01827" right="8" scaleFactor="0" data=" 
0 6.31801 28.3043 29.2586 24.8222 19.9517 15.77 12.4253 9.79296 7.71111 6.10225 4.86104 3.89969 3.15063 2.56301 2.0988 1.72951 1.43373 1.19528 1.00184 0.843977 0.714408 0.607487 0.518801 0.44488 0.382979 0.330912 0.286933 0.249636 0.217883 0.190752 0.167488 0.147474 0.130199 0.115244 0.102258 0.0909502 0.081077 0.0724338 0.0648483 0.0581749 0.0522903 0.0470896 0.0424832 0.0383948 0.0347587 0.0315186 0.0286259 0.0260386 0.0237204 
 /> 
 
<excitationChannel maskA="4" maskB="4" left="2.312" right="8" scaleFactor="39.3817" data=" 
0.00380972 0.200706 0.887552 1.48278 1.88409 2.14366 2.30522 2.3987 2.44139 2.43291 2.38944 2.32596 2.25122 2.17068 2.08776 2.00472 1.92313 1.84398 1.76778 1.69481 1.62518 1.55889 1.49589 1.43609 1.37934 1.32553 1.2745 1.2261 1.1802 1.13664 1.0953 1.05605 1.01875 0.983306 0.949594 0.917512 0.886968 0.857867 0.830127 0.803669 0.778424 0.754308 0.731271 0.709248 0.688181 0.668022 0.64871 0.630211 0.612476 0.595467 
 /> 
 
<excitationChannel maskA="2" maskB="100002" left="2.13827" right="8" scaleFactor="10.612" data=" 
0 0.00910124 0.0462568 0.282478 0.537397 0.667125 0.728482 0.752209 0.754249 0.743525 0.722753 0.696766 0.668642 0.639906 0.611507 0.583882 0.557309 0.531928 0.507806 0.484953 0.463345 0.442941 0.423691 0.405536 0.388414 0.372265 0.357029 0.342648 0.329068 0.316236 0.304103 0.292625 0.281757 0.271461 0.261699 0.252438 0.243644 0.235289 0.227345 0.219787 0.21259 0.205734 0.199197 0.19296 0.187007 0.181319 0.175883 0.170684 0.165709 0.160944 
 /> 
 
<excitationChannel maskA="4" maskB="100002" left="2.432" right="8" scaleFactor="34.8108" data=" 
0.00101755 0.0133773 0.0730567 0.361966 0.792314 1.13385 1.37363 1.53547 1.6404 1.70358 1.73197 1.72908 1.70591 1.6701 1.62657 1.57852 1.5281 1.47677 1.42556 1.37517 1.326 1.27832 1.2323 1.18802 1.14552 1.10479 1.06581 1.02853 0.99291 0.95888 0.926378 0.895337 0.86569 0.837372 0.810315 0.784459 0.759742 0.736105 0.713494 0.691857 0.671142 0.651302 0.632293 0.61407 0.596595 0.579829 0.563737 0.548285 0.53344 0.519172 
 /> 
 
<excitationChannel maskA="2" maskB="100004" left="2.23827" right="8" scaleFactor="23.4674" data=" 
0 0.0289181 0.513347 1.15308 1.47123 1.62912 1.69979 1.71693 1.68834 1.63888 1.57955 1.51591 1.45111 1.38698 1.3246 1.26458 1.20725 1.15273 1.10106 1.0522 1.00604 0.962487 0.921395 0.882633 0.846064 0.811555 0.778975 0.748202 0.719119 0.691617 0.665591 0.640946 0.617593 0.595449 0.574435 0.554481 0.535519 0.517487 0.500328 0.483988 0.468418 0.453572 0.439407 0.425882 0.412961 0.400609 0.388795 0.377487 0.366659 0.356283 
 /> 
 
<excitationChannel maskA="4" maskB="100004" left="2.532" right="8" scaleFactor="80.9799" data=" 
0.00236603 0.0742513 0.710854 1.76287 2.59482 3.18618 3.59641 3.87205 4.03164 4.10017 4.09583 4.04314 3.96029 3.85877 3.74608 3.62753 3.50691 3.38657 3.26805 3.15232 3.04002 2.93154 2.8271 2.72677 2.63058 2.53847 2.45034 2.36608 2.28555 2.20861 2.13509 2.06484 1.99771 1.93356 1.87223 1.81357 1.75747 1.70379 1.6524 1.60319 1.55605 1.51086 1.46754 1.42599 1.38611 1.34782 1.31105 1.27572 1.24175 1.20909 
 /> 
 
<excitationChannel maskA="2" maskB="100006" left="2.31827" right="8" scaleFactor="19.0469" data=" 
0 0.00692847 0.0771353 0.464714 0.781782 0.958989 1.05736 1.10845 1.12967 1.13143 1.11606 1.08809 1.0544 1.01792 0.980332 0.942679 0.905606 0.869521 0.834667 0.80118 0.769129 0.738535 0.709385 0.681647 0.655275 0.630215 0.606407 0.583791 0.562307 0.541892 0.52249 0.504042 0.486496 0.469799 0.453903 0.438762 0.424333 0.410574 0.397448 0.384919 0.372953 0.361519 0.350586 0.340128 0.330118 0.320533 0.311349 0.302544 0.2941 0.285997 
 /> 
 
<excitationChannel maskA="4" maskB="100006" left="2.612" right="8" scaleFactor="44.3483" data=" 
0.000498477 0.00972998 0.0952564 0.445636 0.869791 1.207 1.45707 1.63856 1.76765 1.85636 1.90937 1.92633 1.9182 1.8936 1.85813 1.81555 1.76845 1.71868 1.66764 1.61637 1.5655 1.51548 1.46663 1.41912 1.37309 1.32861 1.28571 1.2444 1.20467 1.16649 1.12982 1.09461 1.06083 1.02841 0.997299 0.967449 0.938802 0.911309 0.884917 0.859577 0.83524 0.81186 0.789393 0.767798 0.747032 0.727059 0.707841 0.689343 0.671532 0.654376 
 /> 
 
<excitationChannel maskA="2" maskB="110002" left="2.18827" right="8" scaleFactor="14.2854" data=" 
0 0.00525387 0.0226556 0.148767 0.500208 0.708488 0.820245 0.878254 0.903985 0.909335 0.895417 0.871339 0.842386 0.811147 0.779106 0.747168 0.715884 0.685583 0.656455 0.628598 0.602051 0.576816 0.552867 0.530163 0.508654 0.488283 0.468993 0.450725 0.43342 0.417024 0.401481 0.38674 0.372753 0.359475 0.346861 0.334872 0.323469 0.312618 0.302286 0.292441 0.283055 0.274101 0.265553 0.25739 0.249588 0.242127 0.234989 0.228156 0.221611 0.215338 
 /> 
 
<excitationChannel maskA="4" maskB="110002" left="2.482" right="8" scaleFactor="19.0049" data=" 
0.000262234 0.00312273 0.0144264 0.0850348 0.279191 0.46646 0.607061 0.708347 0.77973 0.828543 0.857795 0.868492 0.865797 0.854494 0.837637 0.817239 0.794654 0.770846 0.746545 0.722223 0.698185 0.674637 0.651711 0.629494 0.608038 0.587367 0.567493 0.548409 0.530104 0.512559 0.495751 0.479655 0.464242 0.449484 0.435355 0.421825 0.408867 0.396453 0.38456 0.37316 0.36223 0.35175 0.341692 0.33204 0.322773 0.313873 0.30532 0.2971 0.289195 0.281591 
 /> 
 
<excitationChannel maskA="2" maskB="110004" left="2.33827" right="8" scaleFactor="8.42605" data=" 
0 0.0026436 0.0288975 0.1894 0.312896 0.380586 0.420022 0.442328 0.453531 0.457293 0.455942 0.451091 0.442227 0.429884 0.416127 0.40176 0.38724 0.372849 0.358763 0.34504 0.331849 0.319173 0.307028 0.295459 0.284373 0.273802 0.263727 0.254131 0.244991 0.236289 0.228 0.220105 0.212582 0.205413 0.198578 0.192059 0.185839 0.179901 0.17423 0.168811 0.163631 0.158676 0.153936 0.149398 0.14505 0.140885 0.136891 0.133059 0.129383 0.125853 
 /> 
 
<excitationChannel maskA="4" maskB="110004" left="2.632" right="8" scaleFactor="18.2654" data=" 
0.000162188 0.00353518 0.0334355 0.166401 0.325747 0.44854 0.540531 0.609085 0.659646 0.696174 0.720806 0.734493 0.739772 0.737031 0.728342 0.715707 0.700429 0.683421 0.665338 0.646639 0.627701 0.608835 0.590215 0.571962 0.554161 0.536868 0.520102 0.503902 0.488267 0.473198 0.458689 0.44474 0.431311 0.418399 0.405988 0.394061 0.382597 0.371581 0.360992 0.350814 0.341027 0.331617 0.322563 0.313852 0.305471 0.297402 0.289634 0.282151 0.274942 0.267992 
 /> 
 
<excitationChannel maskA="2" maskB="120002" left="2.23827" right="8" scaleFactor="6.84997" data=" 
0 0.00415642 0.019686 0.121017 0.293255 0.381804 0.424441 0.442771 0.447212 0.442811 0.432151 0.418501 0.40339 0.387685 0.371907 0.356377 0.341287 0.326751 0.31283 0.299552 0.286923 0.274935 0.263569 0.252801 0.242604 0.232949 0.223808 0.215151 0.206951 0.19918 0.191812 0.184824 0.178191 0.171893 0.165908 0.160219 0.154806 0.149653 0.144746 0.140068 0.135607 0.13135 0.127286 0.123402 0.11969 0.116139 0.11274 0.109486 0.106368 0.103379 
 /> 
 
<excitationChannel maskA="4" maskB="120002" left="2.532" right="8" scaleFactor="16.6864" data=" 
0.000387244 0.00471466 0.0235688 0.121881 0.316064 0.47996 0.595299 0.6737 0.725463 0.757628 0.773625 0.775828 0.768325 0.75477 0.737433 0.717784 0.696807 0.675197 0.653438 0.631846 0.610631 0.589934 0.569845 0.550421 0.531692 0.513671 0.496359 0.479747 0.463821 0.448561 0.433945 0.419948 0.406547 0.393716 0.38143 0.369663 0.358392 0.347594 0.337246 0.327325 0.317812 0.308685 0.299928 0.291521 0.283447 0.27569 0.268235 0.261068 0.254174 0.247541 
 /> 
 
<excitationChannel maskA="2" maskB="120004" left="2.28827" right="8" scaleFactor="18.8745" data=" 
0 0.00566614 0.0575966 0.314857 0.591194 0.755959 0.853386 0.909362 0.938479 0.949721 0.948882 0.939785 0.925068 0.906552 0.885534 0.862959 0.839362 0.812881 0.785308 0.757662 0.73042 0.703851 0.678115 0.653301 0.629454 0.606592 0.584708 0.563787 0.543802 0.524722 0.50651 0.48913 0.472545 0.456716 0.441606 0.42718 0.413404 0.400241 0.38766 0.375631 0.364126 0.353116 0.342577 0.332484 0.322812 0.313541 0.304652 0.296122 0.287933 0.28007 
 /> 
 
<excitationChannel maskA="4" maskB="120004" left="2.582" right="8" scaleFactor="22.1422" data=" 
0.000185431 0.00395201 0.0334874 0.152541 0.32299 0.46846 0.580621 0.664994 0.727482 0.77265 0.803509 0.821558 0.829831 0.831023 0.826966 0.819036 0.808307 0.795026 0.778979 0.760963 0.741758 0.721884 0.701708 0.681492 0.66143 0.641684 0.622376 0.603576 0.585326 0.567653 0.550569 0.534075 0.518168 0.502839 0.488075 0.473861 0.46018 0.447014 0.434346 0.422155 0.410425 0.399135 0.388269 0.377809 0.367736 0.358035 0.348691 0.339687 0.331009 0.322642 
 /> 
 
<excitationChannel maskA="2" maskB="200002" left="2.03827" right="8" scaleFactor="14.2741" data=" 
0 0.00834425 0.0998782 0.41045 0.65257 0.784212 0.851595 0.881481 0.888702 0.881905 0.866381 0.845475 0.821355 0.795463 0.76874 0.741843 0.715202 0.689111 0.662725 0.635942 0.609774 0.584528 0.560339 0.537254 0.515286 0.494415 0.474609 0.455826 0.438017 0.421132 0.405126 0.389946 0.375546 0.36188 0.348905 0.336579 0.324864 0.313723 0.303123 0.29303 0.283415 0.27425 0.265509 0.257167 0.249201 0.24159 0.234314 0.227353 0.220692 0.214313 
 /> 
 
<excitationChannel maskA="4" maskB="200002" left="2.332" right="8" scaleFactor="68.545" data=" 
0.000689995 0.0215231 0.202799 0.770488 1.42501 1.94579 2.32699 2.59746 2.78397 2.90578 2.97313 2.99725 2.9908 2.96281 2.91979 2.86625 2.80555 2.74016 2.67167 2.59871 2.52198 2.4436 2.36516 2.28755 2.21137 2.13709 2.06501 1.99634 1.92832 1.86384 1.80194 1.74257 1.68566 1.63113 1.5789 1.52887 1.48096 1.43507 1.39111 1.34899 1.30863 1.26994 1.23283 1.19724 1.16309 1.13032 1.09884 1.06861 1.03955 1.01162 
 /> 
 
<excitationChannel maskA="2" maskB="200004" left="2.18827" right="8" scaleFactor="26.7054" data=" 
0 0.00621099 0.074248 0.495978 0.926549 1.18161 1.3264 1.40417 1.43983 1.44829 1.43896 1.41793 1.38925 1.35571 1.3192 1.28103 1.24214 1.20182 1.15888 1.11583 1.07356 1.03249 0.992874 0.954821 0.918384 0.88357 0.850354 0.818695 0.788539 0.759825 0.732488 0.706464 0.681684 0.658086 0.635607 0.614186 0.593766 0.574292 0.555712 0.537977 0.521041 0.504858 0.489389 0.474594 0.460437 0.446884 0.433902 0.421461 0.409533 0.398091 
 /> 
 
<excitationChannel maskA="4" maskB="200004" left="2.482" right="8" scaleFactor="37.9384" data=" 
0.000261553 0.00504281 0.053693 0.280506 0.599943 0.871485 1.0782 1.23062 1.34068 1.41793 1.46799 1.49451 1.50362 1.50017 1.4878 1.46893 1.44531 1.41844 1.38783 1.35365 1.31737 1.28003 1.2423 1.20467 1.16747 1.13097 1.09539 1.06084 1.0274 0.995112 0.963975 0.93399 0.905138 0.877395 0.850731 0.825111 0.800499 0.776857 0.754147 0.732331 0.711372 0.691231 0.671874 0.653265 0.635372 0.618161 0.601603 0.585667 0.570326 0.555553 
 /> 
 
<excitationChannel maskA="2" maskB="200006" left="2.33827" right="8" scaleFactor="18.5858" data=" 
0 0.00498373 0.0708048 0.493739 0.811505 0.983237 1.07639 1.12295 1.13938 1.12851 1.10377 1.07175 1.03591 0.99832 0.960255 0.922525 0.885641 0.849909 0.815517 0.782561 0.751083 0.721081 0.692531 0.665389 0.639605 0.615119 0.591868 0.569791 0.548825 0.528908 0.509983 0.491995 0.474886 0.458607 0.44311 0.42835 0.414284 0.400873 0.388079 0.375866 0.364201 0.353055 0.342399 0.332204 0.322447 0.313102 0.304149 0.295565 0.287332 0.279432 
 /> 
 
<excitationChannel maskA="4" maskB="200006" left="2.632" right="8" scaleFactor="42.5492" data=" 
0.000324206 0.00750854 0.0915296 0.463098 0.893736 1.22628 1.46904 1.64316 1.76487 1.84082 1.87741 1.88241 1.86635 1.83655 1.79777 1.75321 1.70517 1.65537 1.60496 1.55468 1.50507 1.45647 1.40912 1.36318 1.31874 1.27586 1.23454 1.19479 1.15659 1.1199 1.08467 1.05087 1.01844 0.987327 0.957481 0.928846 0.901372 0.875006 0.849699 0.825402 0.802068 0.779653 0.75812 0.737411 0.717504 0.698356 0.679931 0.662197 0.645121 0.628674 
 /> 
 
<excitationChannel maskA="2" maskB="200008" left="2.43827" right="8" scaleFactor="21.1475" data=" 
0 0.00232609 0.0149968 0.0827199 0.303925 0.516944 0.658264 0.749139 0.806377 0.840696 0.859023 0.866039 0.864851 0.857968 0.846797 0.832616 0.816311 0.798548 0.779828 0.760007 0.738463 0.716432 0.6944 0.672637 0.651309 0.630524 0.610351 0.59083 0.57198 0.55381 0.536317 0.51949 0.503317 0.487779 0.472856 0.458527 0.444769 0.431559 0.418875 0.406696 0.394999 0.383762 0.372964 0.362587 0.352612 0.343019 0.333792 0.324914 0.316368 0.308139 
 /> 
 
<excitationChannel maskA="4" maskB="200008" left="2.732" right="8" scaleFactor="19.2122" data=" 
7.79754e-05 0.00116693 0.00691209 0.0348102 0.118667 0.229126 0.327483 0.406687 0.468579 0.516155 0.552076 0.578077 0.595145 0.605059 0.609547 0.609928 0.60719 0.602055 0.595094 0.586741 0.577058 0.565959 0.553904 0.541251 0.52825 0.515072 0.50188 0.488775 0.475809 0.463088 0.450633 0.438507 0.426695 0.415218 0.404079 0.393295 0.38285 0.37273 0.36294 0.353471 0.344318 0.33547 0.326919 0.318655 0.310669 0.302951 0.295492 0.288282 0.281313 0.274574 
 /> 
 
<excitationChannel maskA="2" maskB="210002" left="2.38827" right="8" scaleFactor="5.49687" data=" 
0 0.00123386 0.0245799 0.164308 0.249159 0.296011 0.321663 0.333643 0.334324 0.329446 0.321519 0.311891 0.301366 0.290445 0.279448 0.268579 0.25797 0.247699 0.237814 0.228341 0.219288 0.210655 0.202435 0.194615 0.187181 0.180114 0.1734 0.16702 0.160957 0.155193 0.149712 0.144498 0.139536 0.134811 0.130311 0.126022 0.121933 0.118031 0.114307 0.110749 0.10735 0.104101 0.100992 0.0980164 0.095167 0.0924371 0.0898201 0.0873101 0.0849018 0.0825896 
 /> 
 
<excitationChannel maskA="4" maskB="210002" left="2.682" right="8" scaleFactor="12.0947" data=" 
8.33773e-05 0.00198521 0.0326049 0.151833 0.27109 0.361809 0.428168 0.475421 0.505751 0.523347 0.531142 0.530879 0.525314 0.516272 0.504958 0.49222 0.478684 0.464755 0.450705 0.436724 0.422943 0.40945 0.396309 0.383558 0.37122 0.35931 0.347831 0.336781 0.326156 0.315945 0.306138 0.296721 0.287681 0.279003 0.270674 0.262679 0.255004 0.247634 0.240556 0.233758 0.227225 0.220947 0.214911 0.209107 0.203523 0.198149 0.192977 0.187996 0.183198 0.178574 
 /> 
 
<excitationChannel maskA="2" maskB="210004" left="2.28827" right="8" scaleFactor="7.96022" data=" 
0 0.00169063 0.0157645 0.117083 0.260342 0.331946 0.372373 0.39507 0.40667 0.410982 0.410335 0.406352 0.400089 0.392273 0.38344 0.37283 0.360808 0.348373 0.335899 0.323593 0.311593 0.299968 0.288763 0.278001 0.267688 0.257826 0.248405 0.239413 0.230834 0.222656 0.214859 0.207426 0.200338 0.193579 0.187132 0.180981 0.175109 0.169502 0.164146 0.159027 0.154132 0.149451 0.144972 0.140683 0.136575 0.132638 0.128863 0.125242 0.121768 0.118432 
 /> 
 
<excitationChannel maskA="4" maskB="210004" left="2.582" right="8" scaleFactor="17.2556" data=" 
0.000108575 0.00210979 0.0176392 0.104031 0.255788 0.377624 0.467798 0.534375 0.583264 0.618588 0.642919 0.657044 0.663417 0.664325 0.661244 0.654974 0.645099 0.632441 0.618014 0.602462 0.586269 0.569722 0.553106 0.536598 0.520344 0.504451 0.48897 0.473943 0.459395 0.445336 0.431769 0.418691 0.406094 0.393969 0.382302 0.371075 0.360273 0.349893 0.339912 0.330314 0.321084 0.312204 0.303661 0.29544 0.287527 0.279911 0.272579 0.265515 0.258706 0.252143 
 /> 
 
<excitationChannel maskA="2" maskB="210006" left="2.43827" right="8" scaleFactor="16.5911" data=" 
0 0.00294854 0.0244302 0.144996 0.345551 0.488927 0.581009 0.639094 0.674539 0.694414 0.703421 0.704764 0.700667 0.692634 0.681858 0.669139 0.655061 0.640136 0.624299 0.606656 0.588422 0.570099 0.55195 0.534142 0.516777 0.499921 0.483612 0.467872 0.452707 0.438117 0.424093 0.410623 0.397694 0.385286 0.373382 0.361963 0.351007 0.340497 0.330413 0.320735 0.311446 0.302528 0.293963 0.285735 0.277829 0.27023 0.262923 0.255895 0.249132 0.242623 
 /> 
 
<excitationChannel maskA="4" maskB="210006" left="2.732" right="8" scaleFactor="15.7177" data=" 
9.49254e-05 0.00165472 0.0120564 0.0594785 0.149698 0.240084 0.314749 0.373552 0.418859 0.453263 0.478717 0.496206 0.506925 0.512476 0.514132 0.512873 0.509369 0.504151 0.497672 0.489939 0.480833 0.470749 0.460057 0.448992 0.437737 0.426423 0.415149 0.404 0.393045 0.382324 0.371865 0.361685 0.351796 0.342204 0.332909 0.323911 0.315217 0.306799 0.29867 0.29081 0.283216 0.275881 0.268797 0.261954 0.255345 0.248962 0.242794 0.236836 0.231079 0.225514 
 /> 
 
<excitationChannel maskA="2" maskB="220002" left="2.33827" right="8" scaleFactor="5.8495" data=" 
0 0.000791201 0.00398522 0.0155077 0.0575512 0.125 0.176288 0.209741 0.230832 0.243524 0.250438 0.253305 0.253325 0.251327 0.247905 0.243484 0.238377 0.232814 0.226682 0.219979 0.213108 0.206229 0.199434 0.192781 0.186306 0.180033 0.173974 0.168136 0.162521 0.157128 0.151952 0.146989 0.142231 0.137672 0.133304 0.12912 0.12511 0.121269 0.117588 0.11406 0.110677 0.107432 0.10432 0.101334 0.0984673 0.0957145 0.0930702 0.0905292 0.0880864 0.0857373 
 /> 
 
<excitationChannel maskA="4" maskB="220002" left="2.632" right="8" scaleFactor="5.4458" data=" 
2.76122e-05 0.000369389 0.00174533 0.00665515 0.0228577 0.0530402 0.0847875 0.111596 0.132791 0.149097 0.161372 0.170305 0.176306 0.179844 0.181493 0.181723 0.18089 0.179252 0.177007 0.174158 0.17078 0.167053 0.163108 0.159034 0.154897 0.150747 0.146623 0.142552 0.138561 0.134662 0.130864 0.127174 0.123593 0.120125 0.116769 0.113524 0.110389 0.107362 0.10444 0.101619 0.0988971 0.0962711 0.0937376 0.0912932 0.0889345 0.0866585 0.0844619 0.0823418 0.0802949 0.0783184 
 /> 
 
<excitationChannel maskA="2" maskB="220004" left="2.33827" right="8" scaleFactor="11.0047" data=" 
0 0.000509 0.00259974 0.0121119 0.0667451 0.200242 0.309471 0.380358 0.425131 0.452569 0.46814 0.475439 0.476972 0.474328 0.468741 0.461063 0.45193 0.440678 0.428164 0.415137 0.401954 0.388834 0.375937 0.363301 0.351039 0.339171 0.327718 0.31669 0.306088 0.295908 0.286142 0.27678 0.267807 0.259211 0.250976 0.243088 0.235533 0.228294 0.221358 0.21471 0.208336 0.202225 0.196363 0.190737 0.185338 0.180153 0.175173 0.170388 0.165788 0.161364 
 /> 
 
<excitationChannel maskA="4" maskB="220004" left="2.632" right="8" scaleFactor="10.0773" data=" 
1.80535e-05 0.000233246 0.0011473 0.00527557 0.0255668 0.07831 0.140459 0.193887 0.236249 0.268936 0.29371 0.312031 0.32473 0.332509 0.336512 0.337666 0.336683 0.333989 0.329592 0.323905 0.317356 0.310234 0.302749 0.295058 0.287274 0.279502 0.27179 0.264201 0.25676 0.249501 0.242438 0.23558 0.228931 0.222493 0.216265 0.210245 0.20443 0.198815 0.193396 0.188167 0.183122 0.178254 0.173559 0.169029 0.164658 0.160441 0.156371 0.152443 0.148651 0.144989 
 /> 
 
